1
3
4
5
6
7
8
9
10
11
12
13
14
15
16
17
18
19
20
21
22
23
24
25
26
27
28
29
30
31
32
33
34
35
36
37
38
39
40
41
42
43
44
45
46
47
48
49
50
51
52
53
54
55
56
57
58
59
60
61
62
63
64
65
66
67
68
69
70
71
72
73
74
75
76
77
78
79
80
81
82
83
84
85
86
87
88
89
90
91
92
93
94
95
96
97
98
99
100
101
102
103
104
105
106
107
108
109
110
111
112
113
114
115
116
117
118
119
120
121
122
123
124
125
126
127
183
8212
8216
8220
8230
12289
12290
12298
12299
12304
12305
20013
20142
20214
20320
20809
21024
21151
21152
21153
21453
21457
21475
21495
21517
21521
22120
22270
22320
22336
22823
23494
23567
24230
24320
24335
24405
25104
25143
25346
25968
25991
26102
26381
26426
27169
27425
27491
27983
28857
29992
30721
31163
31471
31639
31995
32479
32622
32972
35272
35745
35760
35813
35823
36229
36317
36733
36865
36895
37197
37327
38169
38388
38500
38899
40854
65281
65288
65289
65292
65306
65307
65311
65509