32
44
46
48
49
50
51
52
53
54
55
56
57
63
65
66
67
68
69
70
71
72
73
74
75
76
77
78
79
80
81
82
83
84
85
86
87
88
89
90
95
97
98
99
100
101
102
103
104
105
106
107
108
109
110
111
112
113
114
115
116
117
118
119
120
121
122
20013
20018
20048
20174
20179
20196
20214
20301
20302
20316
20445
20449
20855
20876
21046
21151
21153
21161
21345
21355
21442
21457
21462
21475
21495
21551
21629
22120
22312
22791
22797
22825
23384
23450
24037
24050
24320
24335
24577
24674
25103
25143
25163
25509
25511
25773
25918
25925
25968
25991
26029
26080
26143
26381
26412
26597
26816
27169
27700
27880
27979
28040
28216
28304
29256
29366
29702
29992
30005
30452
30830
31105
31163
31181
31243
31291
31354
31649
31995
32447
32476
32479
32593
32622
32791
34892
35272
35774
35810
36136
36755
36816
36827
36830
36865
37197
37325
37327
38556
38899
39044
65311